name: autoencoder
channels:
- conda-forge
- defaults
dependencies:
- bleach=1.5.0=py36_0
- ca-certificates=2017.4.17=0
- certifi=2017.4.17=py36_0
- colorama=0.3.9=py36_0
- cycler=0.10.0=py36_0
- decorator=4.0.11=py36_0
- entrypoints=0.2.3=py36_1
- freetype=2.7=vc14_1
- html5lib=0.9999999=py36_0
- icu=58.1=vc14_1
- ipykernel=4.6.1=py36_0
- ipython=6.1.0=py36_0
- ipython_genutils=0.2.0=py36_0
- ipywidgets=6.0.0=py36_0
- jedi=0.10.0=py36_0
- jinja2=2.9.5=py36_0
- jpeg=9b=vc14_0
- jsonschema=2.5.1=py36_0
- jupyter=1.0.0=py36_0
- jupyter_client=5.1.0=py36_0
- jupyter_console=5.1.0=py36_0
- jupyter_core=4.3.0=py36_0
- libpng=1.6.28=vc14_0
- markupsafe=1.0=py36_0
- matplotlib=2.0.2=np112py36_0
- mistune=0.7.4=py36_0
- nbconvert=5.2.1=py36_1
- nbformat=4.3.0=py36_0
- notebook=5.0.0=py36_0
- openssl=1.0.2l=vc14_0
- pandoc=1.19.2=0
- pandocfilters=1.4.1=py36_0
- pickleshare=0.7.3=py36_0
- pip=9.0.1=py36_0
- prompt_toolkit=1.0.14=py36_0
- protobuf=3.3.0=py36_vc14_3
- pygments=2.2.0=py36_0
- pyparsing=2.2.0=py36_0
- pyqt=5.6.0=py36_4
- python=3.6.1=3
- python-dateutil=2.6.0=py36_0
- pytz=2017.2=py36_0
- pyzmq=16.0.2=py36_2
- qt=5.6.2=vc14_1
- qtconsole=4.3.0=py36_0
- setuptools=33.1.1=py36_0
- simplegeneric=0.8.1=py36_0
- sip=4.18=py36_1
- six=1.10.0=py36_1
- testpath=0.3=py36_0
- tornado=4.5.1=py36_0
- traitlets=4.3.2=py36_0
- vc=14=0
- vs2015_runtime=14.0.25420=0
- wcwidth=0.1.7=py36_0
- webencodings=0.5=py36_0
- werkzeug=0.12.2=py36_0
- wheel=0.29.0=py36_0
- widgetsnbextension=2.0.0=py36_0
- wincertstore=0.2=py36_0
- zlib=1.2.11=vc14_0
- mkl=2017.0.3=0
- numpy=1.12.1=py36_0
- tensorflow=1.1.0=np112py36_0
- pip:
  - backports.weakref==1.0rc1
  - ipython-genutils==0.2.0
  - jupyter-client==5.1.0
  - jupyter-console==5.1.0
  - jupyter-core==4.3.0
  - markdown==2.6.8
  - prompt-toolkit==1.0.14
prefix: C:\ProgramData\Anaconda3\envs\autoencoder

